facebook.com : 0.07975898803230275
twimg.com : 0.05432078930914388
instagram.com : 0.03583404294980553
google.de : 0.0337862324692686
linkedin.com : 0.029061988643892013
fakelove.tv : 0.020356309867059604
ungerboeck.com : 0.019682478429489718
symantec.com : 0.019520477259886034
magreprints.com : 0.019441256694653512
parsintl.com : 0.019441256694653512
apple.com : 0.019281793166346144
pinterest.com : 0.0190602048687012
usnews.com : 0.018413976637184144
chronicle.com : 0.018413976637184144
forbes.com : 0.018413976637184144
calendly.com : 0.018413976637184144
nytconferences.com : 0.017492743693447072
mazsystems.com : 0.016562645961375452
amazon.com : 0.016562645961375452
barnesandnoble.com : 0.016562645961375452
capterra.com : 0.016562645961375452
intuit.com : 0.016562645961375452
shopperapproved.com : 0.016562645961375452
nyse.com : 0.015786485799272484
theice.com : 0.015786485799272484
visa.ca : 0.015512814457556116
entrepreneurmedia.com : 0.015356197935125812
goo.gl : 0.01528382426068531
contentstack.io : 0.01528382426068531
pitchbook.com : 0.01528382426068531
bestbuy.ca : 0.014737473657055763
toysrus.ca : 0.014737473657055763
samsung.com : 0.014737473657055763
vimeo.com : 0.014628272055965473
djindexes.com : 0.014078836935977146
trustarc.com : 0.014078836935977146
nationalpublicmedia.com : 0.01403511499437826
scottsimonbooks.com : 0.01403511499437826
wqxr.org : 0.01403511499437826
splashthat.com : 0.01403511499437826
americanexpress.com : 0.01403511499437826
watermelonwebworks.com : 0.013775630669971436
cnn.com : 0.013775630669971436
fortunecareeropportunities.com : 0.013775630669971436
direct2time.com : 0.013775630669971436
timeincreprints.com : 0.013775630669971436
fortunefkg.com : 0.013775630669971436
flickr.com : 0.013524265071519126
plannedgiving.org : 0.013401810485364884
myschoolapp.com : 0.013401810485364884
buysub.com : 0.012724293898157444
aerbook.com : 0.012724293898157444
atzcbd.com : 0.012724293898157444
dispensaries.com : 0.012724293898157444
twitter.com : 9.813717540896506E-5
t.co : 8.059444796384348E-5
nytimes.com : 6.874774624809921E-5
google.com : 4.968619470675559E-5
piazza.com : 4.473729732468008E-5
tbrandstudio.com : 2.881215093751582E-5
nytmediakit.com : 2.4284831592145033E-5
nytco.com : 2.4284831592145033E-5
fortune.com : 1.852946399094368E-5
entrepreneur.com : 1.8500404381590936E-5
essentialaccessibility.com : 1.7047617776661507E-5
npr.org : 1.640823349878401E-5
medium.com : 1.512749340158746E-5
youtu.be : 1.512749340158746E-5
youtube.com : 1.3702412853657335E-5
nprpresents.org : 5.437601317832708E-6
verb8tm.com : 5.437601317832708E-6
thesource.ca : 4.593583369796626E-6
kentplace.org : 3.532229948309944E-6
entrepreneurreprints.com : 3.096310524683138E-6
intercontinentalexchange.com : 2.851030869780387E-6
fortuneconferences.com : 2.851030869780387E-6
entm.ag : 2.7896822537737308E-6
hearstmags.com : 2.7896822537737308E-6
greenentrepreneur.com : 2.7896822537737308E-6
liveplan.com : 2.7896822537737308E-6
morningstar.com : 2.3634226476639173E-6
interactivedata.com : 2.3634226476639173E-6
fortunemediakit.com : 2.3634226476639173E-6
customcontentonline.com : 2.3634226476639173E-6
norton.com : 1.2717024899352733E-6
