blogger.com : 0.999969482421875
google.com : 2.0345052083333332E-5
youtube.com : 1.0172526041666666E-5
