upenn.edu : 7.252364029037661E-5
shopsatpenn.com : 3.1081649952907205E-5
pennmedicine.org : 3.1081649952907205E-5
flickr.com : 4.143815666049315E-5
twitter.com : 8.022456132829352E-5
facebook.com : 0.0728702883297214
instagram.com : 0.05958568311973639
youtube.com : 5.748606671710777E-5
linkedin.com : 0.0235540281579218
pennathletics.com : 0.018969769842564876
cdc.gov : 2.7911207640399653E-6
andpizza.com : 0.011889013269718121
cavanaughsrestaurant.com : 2.0731450226147593E-6
chipotle.com : 0.011889013269718121
distritorestaurant.com : 2.0731450226147593E-6
dizengoffhummus.com : 2.0731450226147593E-6
federaldonuts.com : 2.0731450226147593E-6
goldiefalafel.com : 2.0731450226147593E-6
greeklady.com : 2.0731450226147593E-6
hipcityveg.com : 2.0731450226147593E-6
honeygrow.com : 2.0731450226147593E-6
jimmyjohns.com : 2.0731450226147593E-6
louielouie.restaurant : 2.0731450226147593E-6
metropolitanbakery.com : 0.011889013269718121
qdoba.com : 2.0731450226147593E-6
sweetgreen.com : 2.0731450226147593E-6
unitedbyblue.com : 0.011889013269718121
wawa.com : 0.011889013269718121
worldcafelive.com : 2.0731450226147593E-6
mightycause.com : 0.013374880785305061
cvs.com : 0.011889013269718121
shophelloworld.com : 0.011889013269718121
pennbookcenter.com : 2.0731450226147593E-6
philadelphiarunner.com : 0.011889013269718121
piperboutique.com : 0.011889013269718121
flickr.net : 1.5900980886385848E-5
smugmug.com : 1.5900980886385848E-5
twimg.com : 0.0398003866222093
t.co : 7.774181889956605E-5
google.com : 0.036234712180818134
usa.gov : 1.1069943694974205E-6
hhs.gov : 1.184206811331734E-6
addthis.com : 0.013595090741491959
grubhub.com : 0.012934089359707704
irontemplates.com : 0.012934089359707704
smalltalkmedia.com : 0.012934089359707704
getfriday.com : 0.012934089359707704
theoceanac.com : 0.0122265333999044
opentable.com : 0.014603921424843501
trycaviar.com : 0.0122265333999044
ubereats.com : 0.0122265333999044
doordash.com : 0.0122265333999044
garcesgroup.com : 0.0122265333999044
eepurl.com : 0.0122265333999044
garcesevents.com : 0.0122265333999044
garcesgoods.com : 0.0122265333999044
square.site : 0.024113473524599905
letsget.net : 0.015198268431078278
godaddy.com : 0.015198268431078278
securetree.com : 0.013217111743629027
washingtonblade.com : 0.013217111743629027
cohere.city : 0.013217111743629027
thelevelup.com : 0.013217111743629027
getbento.com : 0.013217111743629027
mercury-gift.com : 0.012934089359707704
apple.com : 0.017178935192365064
mfmark.com : 0.013613343081118879
fearlessrestaurants.com : 0.013613343081118879
myguestaccount.com : 0.012150335065771739
ctfassets.net : 0.012150335065771739
qdobacareers.com : 0.012150335065771739
qdobafranchise.com : 0.012150335065771739
theqdobashop.com : 0.012150335065771739
office.com : 0.012150335065771739
marketforce.com : 0.012150335065771739
wck.org : 0.012556726181145941
youtu.be : 0.012556726181145941
amazonaws.com : 0.012556726181145941
wordpress.com : 0.018081008433364663
ticketfly.com : 0.012721822571766713
wlcr.io : 0.012721822571766713
eventbrite.com : 0.012721822571766713
robly.com : 0.013613343081118879
rockthevote.com : 0.013613343081118879
renanozturk.com : 0.013245649754279007
dgrin.com : 0.013245649754279007
coronavirus.gov : 0.013260581076503313
whitehouse.gov : 0.013260581076503313
archive-it.org : 0.013260581076503313
