facebook.com : 0.06787411066167763
instagram.com : 0.05846318404577916
twimg.com : 0.041019721249335464
linkedin.com : 0.03174864437668655
youtube.com : 0.031115064119302413
custompublish.com : 0.019819609590143266
paypal.com : 0.016159804795071633
adweeklicensing.com : 0.015578357429614297
apple.com : 0.015578357429614297
essence.com : 0.015578357429614297
npr.org : 0.015578357429614297
webcasts.com : 0.015578357429614297
ctfassets.net : 0.015400775007631384
spedidam.fr : 0.015150229566470736
sacem.fr : 0.015150229566470736
adami.fr : 0.015150229566470736
gouv.fr : 0.015150229566470736
benfeitoria.com : 0.014939869863381085
com.au : 0.014939869863381085
gov.au : 0.014939869863381085
org.nz : 0.014939869863381085
lovethework.com : 0.014698826735438781
badgerandwinters.com : 0.014698826735438781
musikerforbundet.se : 0.014645029818857503
firstmusiccontact.com : 0.014645029818857503
kindful.com : 0.014591317025755222
boulezsaal.de : 0.014591317025755222
konzerthaus-dortmund.de : 0.014591317025755222
swr.de : 0.014591317025755222
staatsoper-stuttgart.de : 0.014591317025755222
abenteuer-klassik.de : 0.014591317025755222
innovatives-orchester.de : 0.014591317025755222
blackbaudhosting.com : 0.01396392191802865
grammystore.com : 0.01396392191802865
grammy.org : 0.01396392191802865
musicares.org : 0.01396392191802865
latingrammy.com : 0.01396392191802865
grammymuseum.org : 0.01396392191802865
musikrat.de : 0.013830838107298779
gema.de : 0.013830838107298779
gvl.de : 0.013830838107298779
bundesregierung.de : 0.013830838107298779
startnext.com : 0.013830838107298779
google.de : 0.013830838107298779
vimeo.com : 0.013830838107298779
trustpilot.com : 0.01376238040455691
socialcompare.com : 0.01376238040455691
trustpilot.fr : 0.01376238040455691
leetchi-partners.com : 0.01376238040455691
mangopay.com : 0.01376238040455691
welcometothejungle.co : 0.01376238040455691
zendesk.com : 0.01376238040455691
list-manage1.com : 0.013626093783098965
prsformusic.com : 0.013626093783098965
coronamusicians.info : 0.013626093783098965
co.uk : 0.013626093783098965
prsformusicfoundation.com : 0.013626093783098965
flexigrant.com : 0.013626093783098965
spotify.com : 1.468217343888511E-4
twitter.com : 9.29034398094522E-5
t.co : 7.550388006880941E-5
spotifyforvendors.com : 5.896236400162506E-5
spotifyjobs.com : 5.896236400162506E-5
byspotify.com : 5.388698978639234E-5
spotifyforbrands.com : 4.99745044417196E-5
adweek.com : 8.987859559905468E-6
canneslions.com : 8.987859559905468E-6
org.uk : 6.550290553349828E-6
cnv.fr : 6.03282458999128E-6
unisonfund.ca : 5.810638570973494E-6
org.br : 5.810638570973494E-6
org.au : 5.810638570973494E-6
prsfoundation.com : 5.810638570973494E-6
co.nz : 5.810638570973494E-6
musichealthalliance.com : 5.810638570973494E-6
grammy.com : 5.810638570973494E-6
initiative-musik.de : 5.810638570973494E-6
ffuk.no : 5.810638570973494E-6
orchesterstiftung.de : 5.810638570973494E-6
leetchi.com : 1.6647117878407691E-6
