upenn.edu : 7.171782206492796E-5
shopsatpenn.com : 3.073629828676379E-5
pennmedicine.org : 3.073629828676379E-5
flickr.com : 4.097773269759877E-5
twitter.com : 7.93331773135347E-5
facebook.com : 0.07206061845939116
instagram.com : 0.058923619973961554
youtube.com : 5.684733264247322E-5
linkedin.com : 0.023292316733944884
pennathletics.com : 0.01875899462209193
cdc.gov : 2.760108311106188E-6
andpizza.com : 0.011756913122276808
cavanaughsrestaurant.com : 2.05011007791904E-6
chipotle.com : 0.011756913122276808
distritorestaurant.com : 2.05011007791904E-6
dizengoffhummus.com : 2.05011007791904E-6
federaldonuts.com : 2.05011007791904E-6
goldiefalafel.com : 2.05011007791904E-6
greeklady.com : 2.05011007791904E-6
hipcityveg.com : 2.05011007791904E-6
honeygrow.com : 2.05011007791904E-6
jimmyjohns.com : 2.05011007791904E-6
louielouie.restaurant : 2.05011007791904E-6
metropolitanbakery.com : 0.011756913122276808
qdoba.com : 2.05011007791904E-6
sweetgreen.com : 2.05011007791904E-6
unitedbyblue.com : 0.011756913122276808
wawa.com : 0.011756913122276808
worldcafelive.com : 2.05011007791904E-6
mightycause.com : 0.013226270998801668
cvs.com : 0.011756913122276808
shophelloworld.com : 0.011756913122276808
pennbookcenter.com : 2.05011007791904E-6
philadelphiarunner.com : 0.011756913122276808
piperboutique.com : 0.011756913122276808
flickr.net : 1.5724303320981563E-5
smugmug.com : 1.5724303320981563E-5
twimg.com : 0.03935816010418475
t.co : 7.687802091179308E-5
google.com : 0.035832104267697944
usa.gov : 1.09469443205856E-6
hhs.gov : 1.1710489578724923E-6
addthis.com : 0.013444034177697604
grubhub.com : 0.012790377255710951
irontemplates.com : 0.012790377255710951
smalltalkmedia.com : 0.012790377255710951
getfriday.com : 0.012790377255710951
theoceanac.com : 0.012090683028794354
opentable.com : 0.014441655631234127
trycaviar.com : 0.012090683028794354
ubereats.com : 0.012090683028794354
doordash.com : 0.012090683028794354
garcesgroup.com : 0.012090683028794354
eepurl.com : 0.012090683028794354
garcesevents.com : 0.012090683028794354
garcesgoods.com : 0.012090683028794354
square.site : 0.023845546040993235
letsget.net : 0.015029398781844073
godaddy.com : 0.015029398781844073
securetree.com : 0.013070254946477594
washingtonblade.com : 0.013070254946477594
cohere.city : 0.013070254946477594
thelevelup.com : 0.013070254946477594
getbento.com : 0.013070254946477594
mercury-gift.com : 0.012790377255710951
apple.com : 0.016988058134672118
mfmark.com : 0.013462083713550886
fearlessrestaurants.com : 0.013462083713550886
myguestaccount.com : 0.012015331342818718
ctfassets.net : 0.012015331342818718
qdobacareers.com : 0.012015331342818718
qdobafranchise.com : 0.012015331342818718
theqdobashop.com : 0.012015331342818718
office.com : 0.012015331342818718
marketforce.com : 0.012015331342818718
wck.org : 0.012417207001355434
youtu.be : 0.012417207001355434
amazonaws.com : 0.012417207001355434
wordpress.com : 0.017880108339660614
ticketfly.com : 0.012580468987635972
wlcr.io : 0.012580468987635972
eventbrite.com : 0.012580468987635972
robly.com : 0.013462083713550886
rockthevote.com : 0.013462083713550886
renanozturk.com : 0.013098475868120353
dgrin.com : 0.013098475868120353
coronavirus.gov : 0.013113241286764384
whitehouse.gov : 0.013113241286764384
archive-it.org : 0.013113241286764384
